580326
2100121
5121449
5400049
5400501
5400502
9314116
9323285
18789319
21982623
26876604
26876684
26876882
26876883
26876889
26876893
26939672
41000061
43728599
44338132
47102093
47102094
47102230
47102248
47102264
47102267
47102268
47102276
47102282
47102300
47102308
47102314
49677847
49710299
49710308
49710310
49710324
49710342
50832952
50839547
50839549
50839550
50839552
50839553
50841575
50927755
50937710
50937713
50937716
50937717
50937720
50937722
50937724
50937727
50937728
50937731
50937733
50937737
50937738
50937741
50937745
50937747
50937751
50937752
50937756
50937759
50937762
50937766
50937767
50937771
50937774
50937775
50937784
50937787
50937788
50937793
51214447
51214450
51214453
51214455
51214456
51214459
51214462
51214463
51214465
51214466
51214467
51214471
51214473
51214474
51214475
51214476
51214478
51214480
51214481
51214482
51214484
58000001
580000015
25000127
25000129
6883022000004
6883034000024
30400073
30450761
9175041000190
30480191
26001991
26000065
14016822
14017079
14020832
14021080
14019882
14022892
26000141
14009811
14003821
14005823
14008831
14010881
14004891
14023812
30260762
3029096
6883034000074
3011821
3241822
30370187
30340256
3110108
130004117
130051131
130071141
6883026000103
130002157
130111601
130001010
130021110
130161132
130020119
130024158
130221602
130025227
130181142
51214465
51214466
33000020
5068649
5068634
1610210
6883022000004
6883024000027
1650701
6883024000026
6883024000010
1612702
6883026000127
1614210
1801181
1804002
1805003
24000101
24000302
24001503
24000237
24001904
24002105
24002151
24006152
24001492
24009342
40750930
24001143
40750833
24001334
29001001
29001011
29000201
29001128
29001202
29001312
29001402
5068649
10905991
10906044
10900703
10900908
10900106
10900115
10900132
10901401
10916992
2050701
2050152
20642541
20652531
20606251
20692542
20612532
20601210
22001001
22002003
22003262
22004264
22005039
22006003
22000013
22014391
22015263
22016002
22017004
21165700
59018221
48502122
48502101
48502113
48417227
48466931
48502107
48502120
48466927
48417379
48417252
48466944
48502117
48417275
806111888
806112492
806112458
802110090
26015433
26015436
43282713
42827559
50199712
50199746
50199990
50201769
50201767
50201783
24009343
26024460
26015474
802110246
26015496
26015481
